[1]

Input:
165
23 92
31 57
29 49
44 68
53 60
38 43
63 67
85 84
89 87
82 72

Answer:
165 309
1
2
3
4
6

[2]

Input:
26
12 24
7 13
11 23
8 15
9 16

Answer:
26 51
2
3
4

[3]

Input:
190
56 50
59 50
80 64
64 46
75 50
17 5

Answer:
190 150
1
2
5

[4]

Input:
50
31 70
10 20
20 39
19 37
4 7
3 5
6 10

Answer:
50 107
1
4

[5]

Input:
104
25 350
35 400
45 450
5 20
25 70
3 8
2 5
2 5

Answer:
104 900
1
3
4
5
7
8

[6]

Input:
170
41 442
50 525
49 511
59 593
55 546
57 564
60 617

Answer:
169 1735
2
4
7

[7]

Input:
750
70 135
73 139
77 149
80 150
82 156
87 163
90 173
94 184
98 192
106 201
110 210
113 214
115 221
118 229
120 240

Answer:
749 1458
1
3
5
7
8
9
14
15

[8]

Input:
750000000
70000000 135
73000000 139
77000000 149
80000000 150
82000000 156
87000000 163
90000000 173
94000000 184
98000000 192
106000000 201
110000000 210
113000000 214
115000000 221
118000000 229
120000000 240

Answer:
749000000 1458
1
3
5
7
8
9
14
15

[9]

Input:
165
23 92
31 57
29 49
44 68
53 60
38 43
0 10
63 67
85 84
89 87
0 20
82 72

Answer:
165 339
1
2
3
4
6
7
11

[10]

Input:
22
23 92
31 57
29 49
44 68
53 60
38 43
63 67
85 84
89 87
82 72

Answer:
0 0

[11]

Input:
460870
111151 442
135550 525
132839 511
159949 593
149105 546
154527 564
162660 617

Answer:
458159 1735
2
4
7

[12]

Input:
10
-1 10
2 4
3 4

Answer:
error
5 8
1
2

[13]

Input:
165
23 92
31.1 57
29 49
44 68.8
53 60
38 43
63.23 67
85 84
89 87
82 72

Answer:
error
error
error
143 244
1
2
3
4

[14]

Input:
127 232
# пустая строка
# пустая строка
80
21 23
a 1
9 10
10 a
11 23
8
19 10

Answer:
error
error
error
error
60 66
1
2
3
4

[15]

Input:
0
0 10
10 20
30 40
0 50
100 200

Answer:
0 60
1
4

[16]

Input:
10
0 10
10 20
30 40
0 50
100 200

Answer:
10 80
1
2
4